{
 "cells": [
  {
   "cell_type": "markdown",
   "id": "f9ea6170-3a35-4a5e-af2e-e001939f9710",
   "metadata": {},
   "source": [
    "# Introduction\n",
    "\n",
    "## Main Question\n",
    "How do variations in air pollution levels impact weather conditions in London from 2008 to 2018?\n",
    "\n",
    "## Description\n",
    "This project examines the relationship between London's air pollution levels and weather from 2008 to 2018.\n",
    "The goal is to examine how changes in the weather might affect air quality by using historical weather data along\n",
    "with pollution measurements. The project integrates data from the London Datastore and Kaggle to investigate\n",
    "relationships between weather patterns and pollution indices, including its impact of temperature on gasses and\n",
    "particle matter. Our goal is to get a deeper understanding of the environmental dynamics in metropolitan London\n",
    "through this study.\n",
    "sulfurdioxide"
   ]
  },
  {
   "cell_type": "markdown",
   "id": "09c575eb-6cb3-4d1f-921d-922d2b668597",
   "metadata": {},
   "source": [
    "The analysis utilizes two primary datasets: London Weather Data from Kaggle and Air Quality Levels from the London Datastore. The weather dataset includes daily measurements of temperature, humidity, and precipitation from a station near Heathrow Airport. The air quality dataset provides readings on pollutants like Nitric Oxide, Nitrogen Dioxide, and Particulate Matter from various monitoring sites across London. Both datasets are integrated using their common temporal features, enabling a detailed analysis of the correlations between air quality and weather conditions.\n"
   ]
  },
  {
   "cell_type": "code",
   "execution_count": 40,
   "id": "34c54f5b-ed6d-44af-a7b9-3e3b73b50b5c",
   "metadata": {},
   "outputs": [],
   "source": [
    "import pandas as pd\n",
    "import plotly.express as px\n",
    "import plotly.graph_objects as go\n",
    "import sqlite3\n",
    "import matplotlib.pyplot as plt\n",
    "import seaborn as sns\n",
    "from plotly.subplots import make_subplots"
   ]
  },
  {
   "cell_type": "code",
   "execution_count": 41,
   "id": "0154a008-a9da-4900-b2e1-ef3619b14b31",
   "metadata": {
    "scrolled": true
   },
   "outputs": [],
   "source": [
    "# Function to load data from SQLite database\n",
    "def load_data(db_path, query):\n",
    "    conn = sqlite3.connect(db_path)\n",
    "    df = pd.read_sql_query(query, conn)\n",
    "    conn.close()\n",
    "    return df\n",
    "\n",
    "# Load all necessary data\n",
    "weather_data = load_data('../data/London_weather.sqlite', 'SELECT * FROM weather_data')\n",
    "pollution_data = load_data('../data/London_pollution.sqlite', 'SELECT * FROM time_of_day_data')\n",
    "combined_data = load_data('../data/combined_London_climate.sqlite', 'SELECT * FROM combined_weather_data')\n",
    "\n",
    "# Convert 'date' column to datetime format for combined data\n",
    "combined_data['date'] = pd.to_datetime(combined_data['date'])"
   ]
  },
  {
   "cell_type": "code",
   "execution_count": 42,
   "id": "578c7649-631a-443c-a53b-d52919c11234",
   "metadata": {},
   "outputs": [
    {
     "name": "stdout",
     "output_type": "stream",
     "text": [
      "Weather Data Head:\n"
     ]
    },
    {
     "data": {
      "text/html": [
       "<div>\n",
       "<style scoped>\n",
       "    .dataframe tbody tr th:only-of-type {\n",
       "        vertical-align: middle;\n",
       "    }\n",
       "\n",
       "    .dataframe tbody tr th {\n",
       "        vertical-align: top;\n",
       "    }\n",
       "\n",
       "    .dataframe thead th {\n",
       "        text-align: right;\n",
       "    }\n",
       "</style>\n",
       "<table border=\"1\" class=\"dataframe\">\n",
       "  <thead>\n",
       "    <tr style=\"text-align: right;\">\n",
       "      <th></th>\n",
       "      <th>date</th>\n",
       "      <th>cloud_cover</th>\n",
       "      <th>sunshine</th>\n",
       "      <th>global_radiation</th>\n",
       "      <th>max_temp</th>\n",
       "      <th>mean_temp</th>\n",
       "      <th>min_temp</th>\n",
       "      <th>precipitation</th>\n",
       "      <th>pressure</th>\n",
       "    </tr>\n",
       "  </thead>\n",
       "  <tbody>\n",
       "    <tr>\n",
       "      <th>0</th>\n",
       "      <td>2008-01-01</td>\n",
       "      <td>8.0</td>\n",
       "      <td>0.0</td>\n",
       "      <td>13.0</td>\n",
       "      <td>9.1</td>\n",
       "      <td>7.8</td>\n",
       "      <td>6.6</td>\n",
       "      <td>0.4</td>\n",
       "      <td>102260.0</td>\n",
       "    </tr>\n",
       "    <tr>\n",
       "      <th>1</th>\n",
       "      <td>2008-02-01</td>\n",
       "      <td>1.0</td>\n",
       "      <td>6.0</td>\n",
       "      <td>68.0</td>\n",
       "      <td>8.7</td>\n",
       "      <td>5.9</td>\n",
       "      <td>3.1</td>\n",
       "      <td>0.0</td>\n",
       "      <td>99970.0</td>\n",
       "    </tr>\n",
       "    <tr>\n",
       "      <th>2</th>\n",
       "      <td>2008-03-01</td>\n",
       "      <td>5.0</td>\n",
       "      <td>5.5</td>\n",
       "      <td>108.0</td>\n",
       "      <td>12.9</td>\n",
       "      <td>8.9</td>\n",
       "      <td>4.9</td>\n",
       "      <td>0.0</td>\n",
       "      <td>100730.0</td>\n",
       "    </tr>\n",
       "    <tr>\n",
       "      <th>3</th>\n",
       "      <td>2008-04-01</td>\n",
       "      <td>4.0</td>\n",
       "      <td>7.5</td>\n",
       "      <td>178.0</td>\n",
       "      <td>15.8</td>\n",
       "      <td>11.4</td>\n",
       "      <td>6.9</td>\n",
       "      <td>0.0</td>\n",
       "      <td>101870.0</td>\n",
       "    </tr>\n",
       "    <tr>\n",
       "      <th>4</th>\n",
       "      <td>2008-05-01</td>\n",
       "      <td>6.0</td>\n",
       "      <td>4.6</td>\n",
       "      <td>175.0</td>\n",
       "      <td>15.2</td>\n",
       "      <td>11.0</td>\n",
       "      <td>6.9</td>\n",
       "      <td>4.0</td>\n",
       "      <td>100650.0</td>\n",
       "    </tr>\n",
       "  </tbody>\n",
       "</table>\n",
       "</div>"
      ],
      "text/plain": [
       "         date  cloud_cover  sunshine  global_radiation  max_temp  mean_temp  \\\n",
       "0  2008-01-01          8.0       0.0              13.0       9.1        7.8   \n",
       "1  2008-02-01          1.0       6.0              68.0       8.7        5.9   \n",
       "2  2008-03-01          5.0       5.5             108.0      12.9        8.9   \n",
       "3  2008-04-01          4.0       7.5             178.0      15.8       11.4   \n",
       "4  2008-05-01          6.0       4.6             175.0      15.2       11.0   \n",
       "\n",
       "   min_temp  precipitation  pressure  \n",
       "0       6.6            0.4  102260.0  \n",
       "1       3.1            0.0   99970.0  \n",
       "2       4.9            0.0  100730.0  \n",
       "3       6.9            0.0  101870.0  \n",
       "4       6.9            4.0  100650.0  "
      ]
     },
     "metadata": {},
     "output_type": "display_data"
    },
    {
     "name": "stdout",
     "output_type": "stream",
     "text": [
      "Pollution Data Head:\n"
     ]
    },
    {
     "data": {
      "text/html": [
       "<div>\n",
       "<style scoped>\n",
       "    .dataframe tbody tr th:only-of-type {\n",
       "        vertical-align: middle;\n",
       "    }\n",
       "\n",
       "    .dataframe tbody tr th {\n",
       "        vertical-align: top;\n",
       "    }\n",
       "\n",
       "    .dataframe thead th {\n",
       "        text-align: right;\n",
       "    }\n",
       "</style>\n",
       "<table border=\"1\" class=\"dataframe\">\n",
       "  <thead>\n",
       "    <tr style=\"text-align: right;\">\n",
       "      <th></th>\n",
       "      <th>date</th>\n",
       "      <th>Roadside_NO2</th>\n",
       "      <th>Roadside_NOx</th>\n",
       "      <th>Roadside_O3</th>\n",
       "      <th>Roadside_PM10</th>\n",
       "      <th>Roadside_PM2_5</th>\n",
       "      <th>Roadside_SO2</th>\n",
       "      <th>Background_NO2</th>\n",
       "      <th>Background_NOx</th>\n",
       "      <th>Background_O3</th>\n",
       "      <th>Background_PM10</th>\n",
       "      <th>Background_PM2_5</th>\n",
       "      <th>Background_SO2</th>\n",
       "    </tr>\n",
       "  </thead>\n",
       "  <tbody>\n",
       "    <tr>\n",
       "      <th>0</th>\n",
       "      <td>2008-01-01</td>\n",
       "      <td>60.838710</td>\n",
       "      <td>NaN</td>\n",
       "      <td>30.645161</td>\n",
       "      <td>26.322581</td>\n",
       "      <td>14.225806</td>\n",
       "      <td>4.870968</td>\n",
       "      <td>41.064516</td>\n",
       "      <td>NaN</td>\n",
       "      <td>41.129032</td>\n",
       "      <td>17.032258</td>\n",
       "      <td>NaN</td>\n",
       "      <td>3.483871</td>\n",
       "    </tr>\n",
       "    <tr>\n",
       "      <th>1</th>\n",
       "      <td>2008-02-01</td>\n",
       "      <td>72.517241</td>\n",
       "      <td>NaN</td>\n",
       "      <td>26.689655</td>\n",
       "      <td>44.551724</td>\n",
       "      <td>28.137931</td>\n",
       "      <td>10.620690</td>\n",
       "      <td>50.827586</td>\n",
       "      <td>NaN</td>\n",
       "      <td>37.724138</td>\n",
       "      <td>32.689655</td>\n",
       "      <td>NaN</td>\n",
       "      <td>8.793103</td>\n",
       "    </tr>\n",
       "    <tr>\n",
       "      <th>2</th>\n",
       "      <td>2008-03-01</td>\n",
       "      <td>58.129032</td>\n",
       "      <td>NaN</td>\n",
       "      <td>46.870968</td>\n",
       "      <td>24.290323</td>\n",
       "      <td>12.000000</td>\n",
       "      <td>4.580645</td>\n",
       "      <td>35.161290</td>\n",
       "      <td>NaN</td>\n",
       "      <td>61.806452</td>\n",
       "      <td>15.935484</td>\n",
       "      <td>NaN</td>\n",
       "      <td>2.290323</td>\n",
       "    </tr>\n",
       "    <tr>\n",
       "      <th>3</th>\n",
       "      <td>2008-04-01</td>\n",
       "      <td>60.833333</td>\n",
       "      <td>NaN</td>\n",
       "      <td>49.733333</td>\n",
       "      <td>29.766667</td>\n",
       "      <td>18.833333</td>\n",
       "      <td>5.200000</td>\n",
       "      <td>35.000000</td>\n",
       "      <td>NaN</td>\n",
       "      <td>69.266667</td>\n",
       "      <td>20.433333</td>\n",
       "      <td>NaN</td>\n",
       "      <td>3.400000</td>\n",
       "    </tr>\n",
       "    <tr>\n",
       "      <th>4</th>\n",
       "      <td>2008-05-01</td>\n",
       "      <td>63.967742</td>\n",
       "      <td>NaN</td>\n",
       "      <td>64.903226</td>\n",
       "      <td>33.967742</td>\n",
       "      <td>22.612903</td>\n",
       "      <td>5.612903</td>\n",
       "      <td>35.387097</td>\n",
       "      <td>NaN</td>\n",
       "      <td>85.774194</td>\n",
       "      <td>26.870968</td>\n",
       "      <td>13.0</td>\n",
       "      <td>4.677419</td>\n",
       "    </tr>\n",
       "  </tbody>\n",
       "</table>\n",
       "</div>"
      ],
      "text/plain": [
       "         date  Roadside_NO2  Roadside_NOx  Roadside_O3  Roadside_PM10  \\\n",
       "0  2008-01-01     60.838710           NaN    30.645161      26.322581   \n",
       "1  2008-02-01     72.517241           NaN    26.689655      44.551724   \n",
       "2  2008-03-01     58.129032           NaN    46.870968      24.290323   \n",
       "3  2008-04-01     60.833333           NaN    49.733333      29.766667   \n",
       "4  2008-05-01     63.967742           NaN    64.903226      33.967742   \n",
       "\n",
       "   Roadside_PM2_5  Roadside_SO2  Background_NO2  Background_NOx  \\\n",
       "0       14.225806      4.870968       41.064516             NaN   \n",
       "1       28.137931     10.620690       50.827586             NaN   \n",
       "2       12.000000      4.580645       35.161290             NaN   \n",
       "3       18.833333      5.200000       35.000000             NaN   \n",
       "4       22.612903      5.612903       35.387097             NaN   \n",
       "\n",
       "   Background_O3  Background_PM10  Background_PM2_5  Background_SO2  \n",
       "0      41.129032        17.032258               NaN        3.483871  \n",
       "1      37.724138        32.689655               NaN        8.793103  \n",
       "2      61.806452        15.935484               NaN        2.290323  \n",
       "3      69.266667        20.433333               NaN        3.400000  \n",
       "4      85.774194        26.870968              13.0        4.677419  "
      ]
     },
     "metadata": {},
     "output_type": "display_data"
    },
    {
     "name": "stdout",
     "output_type": "stream",
     "text": [
      "Weather Data Columns:\n",
      "['date', 'cloud_cover', 'sunshine', 'global_radiation', 'max_temp', 'mean_temp', 'min_temp', 'precipitation', 'pressure']\n",
      "Pollution Data Columns:\n",
      "['date', 'Roadside_NO2', 'Roadside_NOx', 'Roadside_O3', 'Roadside_PM10', 'Roadside_PM2_5', 'Roadside_SO2', 'Background_NO2', 'Background_NOx', 'Background_O3', 'Background_PM10', 'Background_PM2_5', 'Background_SO2']\n"
     ]
    }
   ],
   "source": [
    "# Display first few rows of each dataset\n",
    "print(\"Weather Data Head:\")\n",
    "display(weather_data.head())\n",
    "print(\"Pollution Data Head:\")\n",
    "display(pollution_data.head())\n",
    "\n",
    "# Print column names for both datasets\n",
    "print(\"Weather Data Columns:\")\n",
    "print(weather_data.columns.tolist())\n",
    "print(\"Pollution Data Columns:\")\n",
    "print(pollution_data.columns.tolist())"
   ]
  },
  {
   "cell_type": "markdown",
   "id": "b6b93638-b4ef-45d6-a299-cf64ec54ac0b",
   "metadata": {},
   "source": [
    "# Analysis"
   ]
  },
  {
   "cell_type": "code",
   "execution_count": 43,
   "id": "d1a11044-5e35-4bea-b5b0-8884a915aabe",
   "metadata": {},
   "outputs": [
    {
     "data": {
      "application/vnd.plotly.v1+json": {
       "config": {
        "plotlyServerURL": "https://plot.ly"
       },
       "data": [
        {
         "coloraxis": "coloraxis",
         "hovertemplate": "x: %{x}<br>y: %{y}<br>Correlation: %{z}<extra></extra>",
         "name": "0",
         "texttemplate": "%{z}",
         "type": "heatmap",
         "x": [
          "cloud_cover",
          "sunshine",
          "global_radiation",
          "max_temp",
          "mean_temp",
          "min_temp",
          "precipitation",
          "pressure",
          "Roadside_NO2",
          "Roadside_NOx",
          "Roadside_O3",
          "Roadside_PM10",
          "Roadside_PM2_5",
          "Roadside_SO2",
          "Background_NO2",
          "Background_NOx",
          "Background_O3",
          "Background_PM10",
          "Background_PM2_5",
          "Background_SO2"
         ],
         "xaxis": "x",
         "y": [
          "cloud_cover",
          "sunshine",
          "global_radiation",
          "max_temp",
          "mean_temp",
          "min_temp",
          "precipitation",
          "pressure",
          "Roadside_NO2",
          "Roadside_NOx",
          "Roadside_O3",
          "Roadside_PM10",
          "Roadside_PM2_5",
          "Roadside_SO2",
          "Background_NO2",
          "Background_NOx",
          "Background_O3",
          "Background_PM10",
          "Background_PM2_5",
          "Background_SO2"
         ],
         "yaxis": "y",
         "z": [
          [
           1,
           -0.8468225034202358,
           -0.6516800094581012,
           -0.4149887701269113,
           -0.2562889744717684,
           -0.06865698619675505,
           0.32705722130406495,
           -0.1343398776245631,
           0.07596449950816214,
           0.11373014819188292,
           -0.17484880522392723,
           0.05452310702464636,
           0.040337715009655585,
           0.1349893929214369,
           0.16426436325250945,
           0.14551180584289516,
           -0.20183556749441153,
           0.025134987271843535,
           0.07055579795922717,
           0.018410941770747008
          ],
          [
           -0.8468225034202358,
           1,
           0.8737347083632976,
           0.5404552355406432,
           0.436506749000035,
           0.2488209808509798,
           -0.3762677128984513,
           0.2341519742817018,
           -0.2592512762991801,
           -0.3228532746611962,
           0.3720471664786705,
           -0.1884736667894239,
           -0.14102527763135278,
           -0.24355333217851688,
           -0.38214563909428495,
           -0.3793910126927248,
           0.3943252489229251,
           -0.11110959321165884,
           -0.15111322417991463,
           -0.17340884769319542
          ],
          [
           -0.6516800094581012,
           0.8737347083632976,
           1,
           0.7354301752250357,
           0.6601074817976472,
           0.4899311749847226,
           -0.3121958995155837,
           0.24500142508855904,
           -0.4776472695736427,
           -0.5577470822532099,
           0.6290882168222334,
           -0.3565473881554184,
           -0.28568337875328237,
           -0.33444446888745294,
           -0.6662901579296121,
           -0.6395395794691521,
           0.6643721718102145,
           -0.19564677075522952,
           -0.29711251756107077,
           -0.28335637173434286
          ],
          [
           -0.4149887701269113,
           0.5404552355406432,
           0.7354301752250357,
           1,
           0.9088109937862536,
           0.8049512977189548,
           -0.17206863254770718,
           0.1986835911895902,
           -0.5800885063955022,
           -0.48580295362943543,
           0.3924421186064065,
           -0.5437845737024899,
           -0.4668189824836603,
           -0.4077218868074334,
           -0.6947190872467527,
           -0.6167470396742744,
           0.4703347579779519,
           -0.36374122088028626,
           -0.46374409696604135,
           -0.35439793303497874
          ],
          [
           -0.2562889744717684,
           0.436506749000035,
           0.6601074817976472,
           0.9088109937862536,
           1,
           0.9557096853557822,
           -0.09757153658909981,
           0.13107965507478092,
           -0.5429035568227623,
           -0.4154843023119168,
           0.3426840751950832,
           -0.5180368272557634,
           -0.4610145405969631,
           -0.3615746555548614,
           -0.6696134892112364,
           -0.5755612001833378,
           0.4140946338920036,
           -0.3602649220702627,
           -0.45429380991249785,
           -0.3114261995995423
          ],
          [
           -0.06865698619675505,
           0.2488209808509798,
           0.4899311749847226,
           0.8049512977189548,
           0.9557096853557822,
           1,
           -0.03365121619087532,
           0.037246895026828875,
           -0.49480046728800453,
           -0.34334806598800505,
           0.25222754512517986,
           -0.47685817953791493,
           -0.4260485938827796,
           -0.3159130706650213,
           -0.5858902290773782,
           -0.49246101418788507,
           0.314800160948692,
           -0.3351970048851847,
           -0.4142982515750747,
           -0.24452173064603916
          ],
          [
           0.32705722130406495,
           -0.3762677128984513,
           -0.3121958995155837,
           -0.17206863254770718,
           -0.09757153658909981,
           -0.03365121619087532,
           1,
           -0.29661872719157395,
           0.06651341871663843,
           0.03876028857417657,
           -0.11586366325657034,
           -0.02803925915247476,
           -0.03386610368433805,
           0.007724218812203228,
           0.13674705557473724,
           0.08159410618917454,
           -0.12165639359774803,
           -0.028133110402221963,
           -0.011934638482901367,
           -0.09482132148170169
          ],
          [
           -0.1343398776245631,
           0.2341519742817018,
           0.24500142508855904,
           0.1986835911895902,
           0.13107965507478092,
           0.037246895026828875,
           -0.29661872719157395,
           1,
           0.0704518856437985,
           0.06595317956371385,
           0.07172022727058787,
           0.05773205292594633,
           0.10388347565867384,
           -0.0965389625224203,
           -0.0923933858634958,
           -0.012464645907782682,
           0.08073891251274781,
           0.11840702693478951,
           0.10110091840317761,
           -0.07448062498487569
          ],
          [
           0.07596449950816214,
           -0.2592512762991801,
           -0.4776472695736427,
           -0.5800885063955022,
           -0.5429035568227623,
           -0.49480046728800453,
           0.06651341871663843,
           0.0704518856437985,
           1,
           0.8600224871689571,
           -0.4763008237441891,
           0.6434474483083598,
           0.6183678907524432,
           0.4856600594122605,
           0.8283927696261317,
           0.8117937640888142,
           -0.5594694690353623,
           0.485483341069216,
           0.5423682345331602,
           0.5793803152274002
          ],
          [
           0.11373014819188292,
           -0.3228532746611962,
           -0.5577470822532099,
           -0.48580295362943543,
           -0.4154843023119168,
           -0.34334806598800505,
           0.03876028857417657,
           0.06595317956371385,
           0.8600224871689571,
           1,
           -0.7237838573317597,
           0.5033585910956878,
           0.4780237124433684,
           0.42354385667719086,
           0.8231299791274136,
           0.8616458577883208,
           -0.8002339998548419,
           0.2945415460389279,
           0.4016116152111934,
           0.5128513485253979
          ],
          [
           -0.17484880522392723,
           0.3720471664786705,
           0.6290882168222334,
           0.3924421186064065,
           0.3426840751950832,
           0.25222754512517986,
           -0.11586366325657034,
           0.07172022727058787,
           -0.4763008237441891,
           -0.7237838573317597,
           1,
           -0.14743257072302848,
           -0.1394351345650772,
           -0.24421741798337782,
           -0.6478530609592388,
           -0.7500143464322251,
           0.961290992308232,
           0.044098615725667575,
           -0.15317836642222832,
           -0.19244154379490494
          ],
          [
           0.05452310702464636,
           -0.1884736667894239,
           -0.3565473881554184,
           -0.5437845737024899,
           -0.5180368272557634,
           -0.47685817953791493,
           -0.02803925915247476,
           0.05773205292594633,
           0.6434474483083598,
           0.5033585910956878,
           -0.14743257072302848,
           1,
           0.9267437469747906,
           0.4417765871800707,
           0.6376747512105371,
           0.5870238652125165,
           -0.22418521847734973,
           0.9263478763723196,
           0.9185273116801143,
           0.6104148637457244
          ],
          [
           0.040337715009655585,
           -0.14102527763135278,
           -0.28568337875328237,
           -0.4668189824836603,
           -0.4610145405969631,
           -0.4260485938827796,
           -0.03386610368433805,
           0.10388347565867384,
           0.6183678907524432,
           0.4780237124433684,
           -0.1394351345650772,
           0.9267437469747906,
           1,
           0.43935476578999644,
           0.628523959085823,
           0.6001304555445892,
           -0.22064667881029434,
           0.927112402175362,
           0.9436442495055902,
           0.5271397509075227
          ],
          [
           0.1349893929214369,
           -0.24355333217851688,
           -0.33444446888745294,
           -0.4077218868074334,
           -0.3615746555548614,
           -0.3159130706650213,
           0.007724218812203228,
           -0.0965389625224203,
           0.4856600594122605,
           0.42354385667719086,
           -0.24421741798337782,
           0.4417765871800707,
           0.43935476578999644,
           1,
           0.5541659910866725,
           0.4856412570212666,
           -0.3285629195009987,
           0.3553662927913723,
           0.36942906682611676,
           0.4134032899453672
          ],
          [
           0.16426436325250945,
           -0.38214563909428495,
           -0.6662901579296121,
           -0.6947190872467527,
           -0.6696134892112364,
           -0.5858902290773782,
           0.13674705557473724,
           -0.0923933858634958,
           0.8283927696261317,
           0.8231299791274136,
           -0.6478530609592388,
           0.6376747512105371,
           0.628523959085823,
           0.5541659910866725,
           1,
           0.9736034051925996,
           -0.7392793919337523,
           0.46048212678263,
           0.6086222873700543,
           0.4656670187878673
          ],
          [
           0.14551180584289516,
           -0.3793910126927248,
           -0.6395395794691521,
           -0.6167470396742744,
           -0.5755612001833378,
           -0.49246101418788507,
           0.08159410618917454,
           -0.012464645907782682,
           0.8117937640888142,
           0.8616458577883208,
           -0.7500143464322251,
           0.5870238652125165,
           0.6001304555445892,
           0.4856412570212666,
           0.9736034051925996,
           1,
           -0.8104256264323714,
           0.4120158205093848,
           0.5663750070824844,
           0.4207579520938241
          ],
          [
           -0.20183556749441153,
           0.3943252489229251,
           0.6643721718102145,
           0.4703347579779519,
           0.4140946338920036,
           0.314800160948692,
           -0.12165639359774803,
           0.08073891251274781,
           -0.5594694690353623,
           -0.8002339998548419,
           0.961290992308232,
           -0.22418521847734973,
           -0.22064667881029434,
           -0.3285629195009987,
           -0.7392793919337523,
           -0.8104256264323714,
           1,
           -0.018963104827200265,
           -0.22434017121848002,
           -0.2476620990648418
          ],
          [
           0.025134987271843535,
           -0.11110959321165884,
           -0.19564677075522952,
           -0.36374122088028626,
           -0.3602649220702627,
           -0.3351970048851847,
           -0.028133110402221963,
           0.11840702693478951,
           0.485483341069216,
           0.2945415460389279,
           0.044098615725667575,
           0.9263478763723196,
           0.927112402175362,
           0.3553662927913723,
           0.46048212678263,
           0.4120158205093848,
           -0.018963104827200265,
           1,
           0.9128256818289008,
           0.4993799938827251
          ],
          [
           0.07055579795922717,
           -0.15111322417991463,
           -0.29711251756107077,
           -0.46374409696604135,
           -0.45429380991249785,
           -0.4142982515750747,
           -0.011934638482901367,
           0.10110091840317761,
           0.5423682345331602,
           0.4016116152111934,
           -0.15317836642222832,
           0.9185273116801143,
           0.9436442495055902,
           0.36942906682611676,
           0.6086222873700543,
           0.5663750070824844,
           -0.22434017121848002,
           0.9128256818289008,
           1,
           0.43776920865601016
          ],
          [
           0.018410941770747008,
           -0.17340884769319542,
           -0.28335637173434286,
           -0.35439793303497874,
           -0.3114261995995423,
           -0.24452173064603916,
           -0.09482132148170169,
           -0.07448062498487569,
           0.5793803152274002,
           0.5128513485253979,
           -0.19244154379490494,
           0.6104148637457244,
           0.5271397509075227,
           0.4134032899453672,
           0.4656670187878673,
           0.4207579520938241,
           -0.2476620990648418,
           0.4993799938827251,
           0.43776920865601016,
           1
          ]
         ]
        }
       ],
       "layout": {
        "autosize": true,
        "coloraxis": {
         "colorbar": {
          "title": {
           "text": "Correlation"
          }
         },
         "colorscale": [
          [
           0,
           "#440154"
          ],
          [
           0.1111111111111111,
           "#482878"
          ],
          [
           0.2222222222222222,
           "#3e4989"
          ],
          [
           0.3333333333333333,
           "#31688e"
          ],
          [
           0.4444444444444444,
           "#26828e"
          ],
          [
           0.5555555555555556,
           "#1f9e89"
          ],
          [
           0.6666666666666666,
           "#35b779"
          ],
          [
           0.7777777777777778,
           "#6ece58"
          ],
          [
           0.8888888888888888,
           "#b5de2b"
          ],
          [
           1,
           "#fde725"
          ]
         ]
        },
        "template": {
         "data": {
          "bar": [
           {
            "error_x": {
             "color": "#2a3f5f"
            },
            "error_y": {
             "color": "#2a3f5f"
            },
            "marker": {
             "line": {
              "color": "#E5ECF6",
              "width": 0.5
             },
             "pattern": {
              "fillmode": "overlay",
              "size": 10,
              "solidity": 0.2
             }
            },
            "type": "bar"
           }
          ],
          "barpolar": [
           {
            "marker": {
             "line": {
              "color": "#E5ECF6",
              "width": 0.5
             },
             "pattern": {
              "fillmode": "overlay",
              "size": 10,
              "solidity": 0.2
             }
            },
            "type": "barpolar"
           }
          ],
          "carpet": [
           {
            "aaxis": {
             "endlinecolor": "#2a3f5f",
             "gridcolor": "white",
             "linecolor": "white",
             "minorgridcolor": "white",
             "startlinecolor": "#2a3f5f"
            },
            "baxis": {
             "endlinecolor": "#2a3f5f",
             "gridcolor": "white",
             "linecolor": "white",
             "minorgridcolor": "white",
             "startlinecolor": "#2a3f5f"
            },
            "type": "carpet"
           }
          ],
          "choropleth": [
           {
            "colorbar": {
             "outlinewidth": 0,
             "ticks": ""
            },
            "type": "choropleth"
           }
          ],
          "contour": [
           {
            "colorbar": {
             "outlinewidth": 0,
             "ticks": ""
            },
            "colorscale": [
             [
              0,
              "#0d0887"
             ],
             [
              0.1111111111111111,
              "#46039f"
             ],
             [
              0.2222222222222222,
              "#7201a8"
             ],
             [
              0.3333333333333333,
              "#9c179e"
             ],
             [
              0.4444444444444444,
              "#bd3786"
             ],
             [
              0.5555555555555556,
              "#d8576b"
             ],
             [
              0.6666666666666666,
              "#ed7953"
             ],
             [
              0.7777777777777778,
              "#fb9f3a"
             ],
             [
              0.8888888888888888,
              "#fdca26"
             ],
             [
              1,
              "#f0f921"
             ]
            ],
            "type": "contour"
           }
          ],
          "contourcarpet": [
           {
            "colorbar": {
             "outlinewidth": 0,
             "ticks": ""
            },
            "type": "contourcarpet"
           }
          ],
          "heatmap": [
           {
            "colorbar": {
             "outlinewidth": 0,
             "ticks": ""
            },
            "colorscale": [
             [
              0,
              "#0d0887"
             ],
             [
              0.1111111111111111,
              "#46039f"
             ],
             [
              0.2222222222222222,
              "#7201a8"
             ],
             [
              0.3333333333333333,
              "#9c179e"
             ],
             [
              0.4444444444444444,
              "#bd3786"
             ],
             [
              0.5555555555555556,
              "#d8576b"
             ],
             [
              0.6666666666666666,
              "#ed7953"
             ],
             [
              0.7777777777777778,
              "#fb9f3a"
             ],
             [
              0.8888888888888888,
              "#fdca26"
             ],
             [
              1,
              "#f0f921"
             ]
            ],
            "type": "heatmap"
           }
          ],
          "heatmapgl": [
           {
            "colorbar": {
             "outlinewidth": 0,
             "ticks": ""
            },
            "colorscale": [
             [
              0,
              "#0d0887"
             ],
             [
              0.1111111111111111,
              "#46039f"
             ],
             [
              0.2222222222222222,
              "#7201a8"
             ],
             [
              0.3333333333333333,
              "#9c179e"
             ],
             [
              0.4444444444444444,
              "#bd3786"
             ],
             [
              0.5555555555555556,
              "#d8576b"
             ],
             [
              0.6666666666666666,
              "#ed7953"
             ],
             [
              0.7777777777777778,
              "#fb9f3a"
             ],
             [
              0.8888888888888888,
              "#fdca26"
             ],
             [
              1,
              "#f0f921"
             ]
            ],
            "type": "heatmapgl"
           }
          ],
          "histogram": [
           {
            "marker": {
             "pattern": {
              "fillmode": "overlay",
              "size": 10,
              "solidity": 0.2
             }
            },
            "type": "histogram"
           }
          ],
          "histogram2d": [
           {
            "colorbar": {
             "outlinewidth": 0,
             "ticks": ""
            },
            "colorscale": [
             [
              0,
              "#0d0887"
             ],
             [
              0.1111111111111111,
              "#46039f"
             ],
             [
              0.2222222222222222,
              "#7201a8"
             ],
             [
              0.3333333333333333,
              "#9c179e"
             ],
             [
              0.4444444444444444,
              "#bd3786"
             ],
             [
              0.5555555555555556,
              "#d8576b"
             ],
             [
              0.6666666666666666,
              "#ed7953"
             ],
             [
              0.7777777777777778,
              "#fb9f3a"
             ],
             [
              0.8888888888888888,
              "#fdca26"
             ],
             [
              1,
              "#f0f921"
             ]
            ],
            "type": "histogram2d"
           }
          ],
          "histogram2dcontour": [
           {
            "colorbar": {
             "outlinewidth": 0,
             "ticks": ""
            },
            "colorscale": [
             [
              0,
              "#0d0887"
             ],
             [
              0.1111111111111111,
              "#46039f"
             ],
             [
              0.2222222222222222,
              "#7201a8"
             ],
             [
              0.3333333333333333,
              "#9c179e"
             ],
             [
              0.4444444444444444,
              "#bd3786"
             ],
             [
              0.5555555555555556,
              "#d8576b"
             ],
             [
              0.6666666666666666,
              "#ed7953"
             ],
             [
              0.7777777777777778,
              "#fb9f3a"
             ],
             [
              0.8888888888888888,
              "#fdca26"
             ],
             [
              1,
              "#f0f921"
             ]
            ],
            "type": "histogram2dcontour"
           }
          ],
          "mesh3d": [
           {
            "colorbar": {
             "outlinewidth": 0,
             "ticks": ""
            },
            "type": "mesh3d"
           }
          ],
          "parcoords": [
           {
            "line": {
             "colorbar": {
              "outlinewidth": 0,
              "ticks": ""
             }
            },
            "type": "parcoords"
           }
          ],
          "pie": [
           {
            "automargin": true,
            "type": "pie"
           }
          ],
          "scatter": [
           {
            "fillpattern": {
             "fillmode": "overlay",
             "size": 10,
             "solidity": 0.2
            },
            "type": "scatter"
           }
          ],
          "scatter3d": [
           {
            "line": {
             "colorbar": {
              "outlinewidth": 0,
              "ticks": ""
             }
            },
            "marker": {
             "colorbar": {
              "outlinewidth": 0,
              "ticks": ""
             }
            },
            "type": "scatter3d"
           }
          ],
          "scattercarpet": [
           {
            "marker": {
             "colorbar": {
              "outlinewidth": 0,
              "ticks": ""
             }
            },
            "type": "scattercarpet"
           }
          ],
          "scattergeo": [
           {
            "marker": {
             "colorbar": {
              "outlinewidth": 0,
              "ticks": ""
             }
            },
            "type": "scattergeo"
           }
          ],
          "scattergl": [
           {
            "marker": {
             "colorbar": {
              "outlinewidth": 0,
              "ticks": ""
             }
            },
            "type": "scattergl"
           }
          ],
          "scattermapbox": [
           {
            "marker": {
             "colorbar": {
              "outlinewidth": 0,
              "ticks": ""
             }
            },
            "type": "scattermapbox"
           }
          ],
          "scatterpolar": [
           {
            "marker": {
             "colorbar": {
              "outlinewidth": 0,
              "ticks": ""
             }
            },
            "type": "scatterpolar"
           }
          ],
          "scatterpolargl": [
           {
            "marker": {
             "colorbar": {
              "outlinewidth": 0,
              "ticks": ""
             }
            },
            "type": "scatterpolargl"
           }
          ],
          "scatterternary": [
           {
            "marker": {
             "colorbar": {
              "outlinewidth": 0,
              "ticks": ""
             }
            },
            "type": "scatterternary"
           }
          ],
          "surface": [
           {
            "colorbar": {
